3102.969971
3156.129883
3078.100098
3008.72998
2954.909912
2960.469971
3128.98999
2999.860107
3019.790039
3095.129883
3174.050049
3144.879883
3148.72998
3221.26001
3125
3199.199951
3099.959961
3195.689941
3190.550049
3286.649902
3442.929932
3443.629883
3363.709961
3338.649902
3272.709961
3207.209961
3217.01001
3184.939941
3176.399902
3204.399902
3207.040039
3286.330078
3162.780029
3211.01001
3036.149902
3004.47998
3048.409912
3241.159912
3322
3311.370117
3143.73999
3035.02002
3137.389893
3110.280029
3128.810059
3131.060059
3135.659912
3105.459961
3117.02002
3099.399902
3098.389893
3118.060059
3185.070068
3195.340088
3168.040039
3220.080078
3203.530029
3186.72998
3162.580078
3158
3177.290039
3104.199951
3101.48999
3116.419922
3156.969971
3165.120117
3240.959961
3236.080078
3201.649902
3206.179932
3206.52002
3185.27002
3172.689941
3283.959961
3322
3285.850098
3256.929932
3186.629883
3218.51001
3138.379883
3162.159912
3182.699951
3114.209961
3120.830078
3165.889893
3127.469971
3104.25
3120.76001
3263.379883
3306.98999
3292.22998
3294
3326.129883
3232.580078
3237.620117
3206.199951
3342.879883
3380
3312.530029
3331
3352.149902
3322.939941
3305
3286.580078
3262.129883
3277.709961
3268.949951
3308.639893
3328.22998
3249.899902
3180.73999
3194.5
3159.530029
3057.159912
3092.929932
3146.139893
3094.530029
3005
2977.570068
3000.459961
2951.949951
3062.850098
3057.639893
3113.590088
3089.48999
3081.679932
3091.860107
3135.72998
3027.98999
3074.959961
3110.870117
3137.5
3087.070068
3046.26001
3052.030029
3075.72998
3055.290039
3094.080078
3161
3226.72998
3223.820068
3279.389893
3299.300049
3372.199951
3379.389893
3400
3333
3379.090088
3399.439941
3372.01001
3334.689941
3362.02002
3309.040039
3340.879883
3409
3417.429932
3458.5
3471.310059
3467.419922
3386.48999
3311.870117
3270.540039
3306.370117
3291.610107
3190.48999
3223.909912
3151.939941
3161.469971
3222.899902
3270.389893
3232.280029
3231.800049
3247.679932
3203.080078
3244.98999
3259.050049
3265.159912
3230.110107
3223.070068
3218.649902
3233.98999
3187.01001
3206.219971
3198.01001
3264.110107
3281.149902
3349.649902
3346.830078
3383.870117
3383.129883
3415.25
3489.23999
3486.899902
3453.959961
3505.439941
3503.820068
3449.080078
3401.459961
3443.889893
3448.139893
3440.159912
3432.969971
3510.97998
3675.73999
3696.580078
3731.409912
3719.340088
3718.550049
3677.360107
3681.679932
3631.199951
3573.629883
3549.590088
3573.189941
3585.199951
3638.030029
3656.639893
3699.820068
3626.389893
3630.320068
3599.919922
3327.590088
3331.47998
3366.23999
3354.719971
3375.98999
3344.939941
3341.870117
3320.679932
3292.110107
3303.5
3293.969971
3298.98999
3241.959961
3201.219971
3187.75
3199.949951
3265.870117
3305.780029
3299.179932
3316
3349.629883
3421.570068
3470.790039
3479
3463.120117
3478.050049
3509.290039
3525.5
3484.159912
3469.149902
3461.919922
